            # [0.23,  0, 0.2,    0,     0     , 0,      0,  5], #标定组1

            # [0.23,0.1, 0.2,    0,     0     , 0,      0,  5], #标定组2

            # [0.23,-0.1, 0.25,  0,     0     , 0,          0,  5], #标定组3

            # [0.3,-0.1, 0.25,   0,     0.25  , 0,          0,  5], #标定组4

            # [0.3,-0.1, 0.25,   0.25,  0.25  , 0,          0,  5], #标定组5

            # [0.3,-0.1, 0.25,   0.25,  0.25  , 0.25,    0,  5], #标定组6

            # [0.3,-0.1, 0.3,    0.25,  0.25  , -0.25,       0,  5], #标定组7

            # [0.3,-0.2, 0.3,    0.25,  0.25  , 0,       0,  5], #标定组8

            # [0.35,-0.1, 0.15,  0,     0     , 0,       0,  5], #标定组9

            # [0.4,-0.1, 0.15,   0,     0     , 0,       0,  5], #标定组10

